spawns:
  default:
    world: 4e2dfdac-1fef-4c60-aa6b-1857b16776ac
    world-name: main
    x: 78.29252943085538
    y: 70.0
    z: 69.4729406891652
    yaw: -128.6015167236328
    pitch: 29.886232376098633
